10
0 32 25 37 4 19 44 39 31 2
32 0 12 18 43 19 13 12 255 17
25 12 0 14 32 08 21 235 31 18
37 18 14 0 29 185 16 285 43 31
4 43 32 29 0 28 45 545 595 47
19 19 08 185 28 0 285 305 34 2
44 13 21 16 45 285 0 175 37 3
39 12 235 285 545 305 175 0 215 2
31 255 31 43 595 34 37 215 0 145
2 17 18 31 47 2 3 2 145 0